file	v1_pre	v2_pre	v1_post	v2_post	p_sys_pre_x	p_sys_pre_y	p_sys_pre_z	p_sys_post_x	p_sys_post_y	p_sys_post_z	p_sys_pre_e	p_sys_post_e	KE_sys_pre	KE_sys_post	dp_x	dp_y	dp_z	dp_e	dKE	rel_dp_x	rel_dp_y	rel_dp_z	rel_dp_e	rel_dp_e_sigma	rel_dp_e_lo	rel_dp_e_hi	rel_dKE	t_collision
A1(1).tsv	2.4573256377789	125.22160254272909	79.3656468219067	45.90646294580994	-127.03285108165957	-12.844419009623982	0.39804468002745563	-124.65053126704922	-12.4984595262347	0.18565356616424156	127.67892818050798	125.27210976771664	7843.567287083156	4203.402731310015	2.382319814610355	0.3459594833892812	-0.21239111386321408	-2.4068184127913383	-3640.164555773141	-0.018753572751657337	-0.026934615192019423	-0.533586113620622	-0.018850553079429545	1.2413883194238188e-06	-0.01885179446774897	-0.01884931169111012	-0.464095534919142	1.136
A1(2).tsv	-4.695095039064319	107.83542472155231	62.658205128385895	40.67537207959935	-102.60987692662252	-10.483099308877458	-0.379228463895578	-102.80976033214944	-10.402074653683847	0.08155783353659365	103.140329682488	103.33357720798524	5825.601690138925	2790.3289238498874	-0.19988340552691852	0.08102465519361068	0.4607862974321717	0.19324752549724167	-3035.2727662890375	0.0019479938141808454	-0.007729074466078571	-1.2150625316960673	0.0018736368798911527	1.5527385028531465e-06	0.0018720841413882995	0.001875189618394006	-0.5210230509625958	1.704
A1(3).tsv	86.5503985008395	1.403642045627348	29.810781357833307	58.740504397443026	-87.53097434428298	-8.624987635891456	0.2524957072072379	-88.09809677134028	-8.95344554257958	0.2994155907525242	87.95404054646686	88.55128575527633	3746.526841737974	2169.6192670228183	-0.5671224270572992	-0.3284579066881239	0.04691988354528631	0.5972452088094684	-1576.9075747151555	0.006479105611536477	0.03808213072924311	0.18582448020304929	0.006790423783816262	1.8253186775643478e-06	0.006788598465138698	0.006792249102493826	-0.42089851249634846	2.592
A1(4).tsv	4.063874530642044	78.69708948100299	55.49553759035507	26.834736503300075	-82.32229385256402	-8.510158063241093	0.25299487004461696	-81.922194595452	-8.189218131750083	0.20585100548676935	82.76096401164503	82.33027409365515	3104.930485106857	1899.9525086828235	0.4000992571120179	0.32093993149100974	-0.04714386455784761	-0.43068991798988066	-1204.9779764240334	-0.004860156810360264	-0.037712569978844764	-0.18634316399195583	-0.005204022489748665	1.9282547412988725e-06	-0.0052059507444899645	-0.005202094235007366	-0.3880853314442445	1.064
A1(5).tsv	99.12520592138998	-9.415560538507366	34.87518953634919	55.94647828393175	-89.24661192283656	-9.106875990449373	-0.08391355481403946	-90.36187048801693	-9.132255208264006	-0.01609419324584338	89.70964538288261	90.82166782028094	4957.302429652831	2173.1773005069676	-1.115258565180369	-0.025379217814633037	0.06781936156819608	1.1120224373983234	-2784.1251291458634	0.012496368670495098	0.0027868193045835817	-0.8082050834157882	0.012395795710173513	1.7946199332993805e-06	0.012394001090240215	0.012397590330106812	-0.5616209962281524	2.706
A1(6).tsv	2.3894033967205117	131.71415291924467	82.06680318267726	55.1526016897702	-133.44737171172895	-13.274933670899443	-0.24681806167811962	-136.52232880882752	-13.833749251886125	-0.17076593113077876	134.1035563159652	137.21940487244746	8677.458651813575	4888.533111566629	-3.074957097098576	-0.5588155809866819	0.07605213054734086	3.1158485564822627	-3788.925540246946	0.023042470283648996	0.04209554599972772	-0.3081303289972432	0.023234645240435857	1.2070481104116492e-06	0.023233438192325446	0.023235852288546268	-0.43663999936837117	1.754
A1(7).tsv	0.12202258651173242	84.89022528292523	54.93790036685049	32.44646222973779	-84.57153831310357	-8.654031221122782	0.030028432532461895	-86.93624444871892	-8.854976521164886	-0.4161718022042914	85.01224786943696	87.38436259658829	3603.29314840764	2035.5902132414285	-2.36470613561535	-0.20094530004210398	-0.4462002347367533	2.3721147271513274	-1567.7029351662113	0.027961015996429625	0.023219849213351133	-14.85925827977846	0.027903211438361865	1.908520451776524e-06	0.027901302917910088	0.027905119958813642	-0.4350750467968468	2.838
A1(8).tsv	197.2115254809552	-3.9767862202523196	77.19656368437273	94.89027444181579	-192.2055293018962	-19.913871342814712	-0.4806474899496993	-171.21017498434446	-17.351470260472116	0.05236595259890981	193.2347392607029	172.08683812618852	19454.19075568735	7481.769460842369	20.995354317551744	2.5624010823425962	0.5330134425486092	-21.14790113451437	-11972.421294844979	-0.10923387268726516	-0.1286741808376279	-1.1089487695117062	-0.10944150733674576	7.840095628146256e-07	-0.10944229134630858	-0.10944072332718295	-0.6154160532914942	1.034
A1(9).tsv	98.02919523206303	-2.8097368916053322	37.823160056298434	60.11115070988838	-94.72540763295434	-9.69089361314235	0.1749247060904656	-97.42321862560969	-9.996165426108837	0.17689996530644014	95.2194583404577	97.93431076618681	4808.846607488061	2522.000016534018	-2.6978109926553486	-0.3052718129664864	0.001975259215974551	2.714852425729106	-2286.8465909540428	0.028480331307825357	0.03150089405093568	0.011292053936354813	0.028511529818014043	1.7044515276019725e-06	0.02850982536648644	0.028513234269541644	-0.4755499140673558	2.168
A1(10).tsv	-9.857001543756775	75.44373581307745	46.95608784238333	21.336678807148797	-65.26689761443947	-6.479440556466727	-0.22139306984434456	-67.96753009913235	-6.669416659821968	-0.25124963489910057	65.58673426932067	68.29276664953213	2894.712263327733	1330.1224663387925	-2.700632484692875	-0.1899761033552405	-0.029856565054756007	2.706032380211454	-1564.5897969889406	0.041378287974505996	0.029319831195246813	0.13485772195013757	0.041258837024871466	2.4903520972399484e-06	0.041256346672774225	0.04126132737696871	-0.5404992464398873	1.554
