file	v1_pre	v2_pre	v1_post	v2_post	p_sys_pre_x	p_sys_pre_y	p_sys_pre_z	p_sys_post_x	p_sys_post_y	p_sys_post_z	p_sys_pre_e	p_sys_post_e	KE_sys_pre	KE_sys_post	dp_x	dp_y	dp_z	dp_e	dKE	rel_dp_x	rel_dp_y	rel_dp_z	rel_dp_e	rel_dp_e_sigma	rel_dp_e_lo	rel_dp_e_hi	rel_dKE	t_collision
A2(1).tsv	-28.630821122200356	134.39679179772116	116.3206030466371	-10.53477740837483	-105.21368940040347	-10.839329234865065	-0.4560756591215358	-105.25953347426011	-10.564286151275407	-0.12138509163520181	105.7659706755208	105.78582563826228	9441.998891282805	6821.0635213936075	-0.04584407385664235	0.275043083589658	0.33469056748633397	0.019854962741476356	-2620.9353698891973	0.00043572347018625273	-0.02537454833505497	-0.733848783184338	0.00018772543394310969	1.5129159002414476e-06	0.00018621251804286823	0.00018923834984335114	-0.2775826813863471	2.042
A2(2).tsv	-24.730359637551626	124.10357511921819	108.86746130012132	-8.006052659415483	-98.81262473178307	-10.582983262356475	-0.1040384721937046	-100.36035666031077	-10.082639376611873	-0.27047115457819865	99.37321548166656	100.86140864070583	8007.610131658697	5958.687845022942	-1.5477319285276963	0.5003438857446021	-0.16643268238449405	1.4881931590392696	-2048.922286635755	0.01566330145291514	-0.047278151475899845	1.5997224764567903	0.014975797571065087	1.6221928123774138e-06	0.01497417537825271	0.014977419763877464	-0.25587188348933027	0.898
A2(3).tsv	-25.178353968310613	108.95301819037657	93.91481767767459	-12.300519175968665	-83.3489269378373	-8.493019147766997	-0.9517326787044897	-81.20266459333621	-8.194066122916103	0.055756609680720146	83.77466422206595	81.61429850170593	6253.585260636192	4485.789702004593	2.146262344501096	0.2989530248508938	1.0074892883852098	-2.1603657203600193	-1767.7955586315993	-0.025750329648536522	-0.035199852920324	-1.0585843177693726	-0.025787817121336626	1.8854202459013443e-06	-0.025789702541582527	-0.025785931701090725	-0.2826851294023546	0.396
A2(4).tsv	-28.476000669749528	135.67296252995848	117.74932962990498	-9.534947263705877	-106.64377317681311	-10.936422600420698	-0.36163905179442024	-107.68196022393408	-10.765488849452478	-0.14332303045704758	107.19696186020896	108.2143823661991	9610.068662510184	6978.542127773967	-1.0381870471209709	0.17093375096822072	0.21831602133737266	1.0174205059901453	-2631.5265347362174	0.009735092975373994	-0.015629768271906874	-0.6036848627218446	0.009491131915817918	1.49967947669289e-06	0.009489632236341226	0.00949263159529461	-0.273830149102062	1.796
A2(5).tsv	-13.91749065949421	180.55475613439944	155.7493302381683	7.752173143052683	-165.77494143961513	-17.038246137534177	-0.30445205146517373	-162.70333442218254	-16.199755049146535	0.23729029492167003	166.63726547490523	163.501503381221	16398.780111003543	12160.033983938247	3.071607017432598	0.8384910883876415	0.5417423463868438	-3.135762093684235	-4238.746127065297	-0.018528777574935568	-0.049212288730851164	-1.7794012021916485	-0.01881789217284333	9.511781025935186e-07	-0.018818843350945923	-0.018816940994740735	-0.25847935629194196	1.518
A2(6).tsv	-24.819997480433845	128.19187217672626	110.80011274536024	-6.913063615068899	-102.81891480636524	-10.675572409459937	-0.41182356637402784	-103.40666786016615	-9.995185642298626	0.13281632850107056	103.37187469629242	103.88704913029135	8524.630726348962	6162.370732163745	-0.5877530538009097	0.6803867671613109	0.5446398948750983	0.5151744339989222	-2362.259994185217	0.005716390363658297	-0.06373304784653985	-1.3225078391469312	0.004983700213549476	1.5516714967024754e-06	0.004982148542052773	0.004985251885046178	-0.2771099499810188	1.86
A2(7).tsv	-22.64578521520392	124.05281206189454	107.61052588633537	-7.108714682445741	-100.90672861706226	-10.115499854843096	-0.43159096745932907	-100.00574148504052	-10.001961424119445	-0.05000325100977335	101.40702684669063	100.50181120388963	7951.753359549765	5815.555223296321	0.90098713202174	0.11353843072365066	0.3815877164495557	-0.9052156428009965	-2136.1981362534443	-0.008928910335017963	-0.011224203682756296	-0.8841420354458984	-0.008926557369338136	1.5707735565172325e-06	-0.008928128142894653	-0.00892498659578162	-0.26864491888294656	0.984
A2(8).tsv	-23.70831443374028	144.1051267645555	123.91617311326753	-7.185166634834434	-119.79032793597662	-12.177046946886101	-0.154617656039615	-116.18562386638533	-11.444219510829146	-0.5994358268094987	120.39681233081522	116.7310064784331	10666.585293144846	7705.736606327131	3.6047040695912926	0.7328274360569544	-0.4448181707698837	-3.665805852382121	-2960.848686817715	-0.030091778958296785	-0.0601810471170395	2.876891178947349	-0.030447698584490417	1.3088636469482738e-06	-0.030449007448137364	-0.03044638972084347	-0.27758168199532235	1.446
A2(9).tsv	-32.00930194022425	126.36900598551546	112.44783519217584	-14.579469674020359	-93.77120489184578	-10.543287304007885	-1.6281237181870103	-97.37718100595737	-9.761232067224121	-1.5003976181697782	94.35970404529121	97.86836551815549	8498.128162710573	6429.60424110581	-3.6059761141115843	0.7820552367837639	0.12772610001723206	3.5086614728642758	-2068.523921604763	0.03845504724260139	-0.0741756545405413	-0.07844987367388817	0.03718389654105075	1.727451979833602e-06	0.03718216908907091	0.03718562399303058	-0.24340935815505332	1.068
A2(10).tsv	157.70181782715545	-8.638083377608115	10.050100795876808	138.70419738477608	-148.2672071946737	-15.392272333130911	-0.11218920940903056	-148.0267312017716	-14.70058241670941	-0.15154108882906508	149.06373444954733	148.75429818065288	12472.318328689056	9670.026718513844	0.240475992902077	0.6916899164215007	-0.03935187942003453	-0.3094362688944443	-2802.2916101752126	-0.0016219095068428307	-0.04493747910974009	0.35076349701834103	-0.002075865535216262	1.0722528696955355e-06	-0.0020769377880859577	-0.0020747932823465664	-0.22468089222268564	0.812
