file	v1_pre	v2_pre	v1_post	v2_post	p_sys_pre_x	p_sys_pre_y	p_sys_pre_z	p_sys_post_x	p_sys_post_y	p_sys_post_z	p_sys_pre_e	p_sys_post_e	KE_sys_pre	KE_sys_post	dp_x	dp_y	dp_z	dp_e	dKE	rel_dp_x	rel_dp_y	rel_dp_z	rel_dp_e	rel_dp_e_sigma	rel_dp_e_lo	rel_dp_e_hi	rel_dKE	t_collision
A3(1).tsv	0.9465446899798755	150.6634173646063	75.77522952933936	75.83132531809615	-150.96397780331714	-14.149696379098804	-1.0080968403990866	-150.82953068174407	-15.336471797067956	0.7069654537856859	151.60996205458616	151.60655484743552	11352.252134755197	5746.502674058313	0.1344471215730607	-1.1867754179691516	1.7150622941847726	-0.0034072071506443535	-5605.749460696885	-0.0008905907457487948	0.083872853959057	-1.701287242905961	-2.247350440875126e-05	1.0553277631725962e-06	-2.3528832171923858e-05	-2.1418176645578665e-05	-0.49380064802602	0.644
A3(2).tsv	1.439284904266633	147.2360628486959	74.29444182450115	74.36669960265284	-147.90786060652493	-15.140800125460471	0.2198900904864919	-147.90353838301039	-14.996027031646879	0.6805280391256399	148.67534775296252	148.661141427154	10841.320199561686	5525.404686479447	0.0043222235145492505	0.14477309381359227	0.460637948639148	-0.014206325808515885	-5315.915513082238	-2.922240573844509e-05	-0.009561786207727865	2.094855423543725	-9.555266574604536e-05	1.0761189288435163e-06	-9.662878467488888e-05	-9.447654681720185e-05	-0.4903383919328534	1.492
A3(3).tsv	8.507410625332412	188.3991942170552	97.63198072406033	97.67126197099249	-195.90700466667062	-19.894731610598818	-0.030049296174766482	-194.33606176351236	-19.436435878754878	0.5582778919902976	196.9066048423876	195.3032426950528	17785.104010519033	9536.338400221603	1.5709429031582545	0.4582957318439398	0.5883271881650641	-1.603362147334792	-8248.76561029743	-0.008018819469120884	-0.023036034906838605	-19.578734381775785	-0.008142754523740792	8.092664604632884e-07	-0.008143563790201256	-0.008141945257280328	-0.46380193252840596	1.486
A3(4).tsv	-14.30272630534668	183.949655641749	80.09560893029492	79.82594662448527	-168.02782259364406	-25.596089504200407	-6.591836321292523	-159.11420950500687	-16.023621779278322	1.1421456038860205	169.6469293364023	159.92155555478018	17100.82953711543	6394.3776160514935	8.913613088637192	9.572467724922085	7.7339819251785435	-9.725373781622125	-10706.451921063937	-0.053048435378429785	-0.3739816476009435	-1.173266681424831	-0.057327143023833585	9.165004168577036e-07	-0.05732805952425044	-0.05732622652341673	-0.6260779278471132	1.578
A3(5).tsv	155.67653048323947	-4.313225669409153	78.12106885344383	78.3624942017687	-150.56182054066429	-15.543544041179517	-1.0626646722411974	-155.69353273007576	-15.719373453905465	0.8574740665785187	151.36330481383033	156.48356305521253	12127.086945295094	6122.468185598105	-5.1317121894114734	-0.17582941272594788	1.9201387388197162	5.120258241382203	-6004.6187596969885	0.0340837549053512	0.011312054204634603	-1.806909356241302	0.03382760602168324	1.0750869413882111e-06	0.033826530934741854	0.03382868110862463	-0.49514106617554854	1.394
A3(6).tsv	7.867788816611045	171.6818855602844	91.81137355016362	91.52380979047356	-178.5934275179821	-18.79554204751341	-1.2433856127372531	-182.40257640104983	-18.476497113747953	1.0389677235886627	179.54967437689544	183.33518334063717	14772.920985611203	8403.896062602233	-3.809148883067735	0.31904493376545773	2.282353336325916	3.7855089637417336	-6369.02492300897	0.021328606186720965	-0.016974500280914556	-1.835595741936748	0.0210833518739528	9.005611727604893e-07	0.02108245131278004	0.02108425243512556	-0.4311283414574808	1.098
A3(7).tsv	-16.187948857279075	183.76763155503602	79.28251972825878	78.84770225412343	-165.75053273992202	-27.74718115406901	-8.125783357718383	-157.33969892505064	-15.77334469516579	1.1235806647137527	167.57968269775694	158.1302219823822	17136.561012586935	6252.012985082263	8.410833814871381	11.973836458903222	9.249364022432136	-9.449460715374727	-10884.548027504672	-0.05074393231706085	-0.4315334373036775	-1.1382735196412177	-0.0563878661377917	9.282413666709962e-07	-0.05638879437915838	-0.05638693789642503	-0.6351652481212472	1.73
A3(8).tsv	-12.348206979676833	180.03564696150855	85.75323753225753	85.47342699240679	-166.8345437720899	-17.05020146720031	-1.0421192234732628	-170.35616604781458	-17.247717873912563	0.7241335309955164	167.68743998183172	171.22666452466433	16285.904877830179	7330.451237646586	-3.5216222757246953	-0.19751640671225346	1.7662527544687792	3.5392245428326135	-8955.453640183592	0.02110847187939405	0.01158440309882662	-1.6948663019400632	0.021106080116770072	9.642779595190394e-07	0.021105115838810553	0.02110704439472959	-0.5498898407772571	1.158
A3(9).tsv	174.33341595466038	-1.6852062863272252	86.74522207280633	86.68994487990436	-171.7466441486468	-17.61844983208087	-0.35639093022411145	-172.54215986452772	-17.587385389459428	0.9062736304685521	172.64820966833315	173.4351669527107	15197.52896245779	7520.643722356918	-0.7955157158809243	0.031064442621442367	1.2626645606926636	0.7869572843775359	-7676.885240100873	0.0046319141769803965	-0.0017631768355055916	-3.54292001734908	0.00455815490869743	9.288545029854025e-07	0.004557226054194444	0.004559083763200415	-0.5051403592692574	1.244
A3(10).tsv	-15.438238231527308	174.52726791773838	65.7122527272064	65.52372024803549	-156.26451664741012	-37.81742082565006	-17.171267983173728	-130.5587820473743	-13.418500318510652	-0.23737267268418227	159.08902968621106	131.2359729752419	15760.129420200967	4306.457337749896	25.70573460003581	24.398920507139408	16.933895310489547	-27.853056710969156	-11453.67208245107	-0.16450141818207742	-0.6451767459136342	-0.9861761709783585	-0.17507842474057972	9.218992090322588e-07	-0.17507934663978875	-0.1750775028413707	-0.726749874767527	1.06
